8
4 4
0.0000000000 0.0000000000 1.0000000000 1.0000000000
.1767766953 0.0000000000 .9182581518 .9182581518
.3322788122 0.0000000000 .8237602687 .8654269353
.4704002352 0.0000000000 .7161409634 .8390113275
.5932705991 0.0000000000 .5932705991 .8390113275
0.0000000000 .1767766953 .9182581518 .9182581518
.1686275192 .1686275192 .8475961960 .8475961960
.3160164577 .1568215568 .7641986818 .8054297005
.4460004881 .1424558442 .6687961754 .7882802803
.5613841392 .1266274171 .5613841392 .7939170634
0.0000000000 .3322788122 .8237602687 .8654269353
.1568215568 .3160164577 .7641986818 .8054297005
.2942075410 .2942075410 .6935019730 .7712542732
.4155715725 .2683801196 .6130026523 .7591637886
.5237065179 .2400295791 .5237065179 .7661144435
0.0000000000 .4704002352 .7161409634 .8390113275
.1424558442 .4460004881 .6687961754 .7882802803
.2683801196 .4155715725 .6130026523 .7591637886
.3805203531 .3805203531 .5500878033 .7484269842
.4812320162 .3422046874 .4812320162 .7532508367
0.0000000000 .5932705991 .5932705991 .8390113275
.1266274171 .5613841392 .5613841392 .7939170634
.2400295791 .5237065179 .5237065179 .7661144435
.3422046874 .4812320162 .4812320162 .7532508367
.4348895733 .4348895733 .4348895733 .7532508367
8
4 4
1.0000000000 0.0000000000 0.0000000000 1.0000000000
.9182581518 .1767766953 0.0000000000 .9182581518
.8237602687 .3322788122 0.0000000000 .8654269353
.7161409634 .4704002352 0.0000000000 .8390113275
.5932705991 .5932705991 0.0000000000 .8390113275
.9182581518 0.0000000000 .1767766953 .9182581518
.8475961960 .1686275192 .1686275192 .8475961960
.7641986818 .3160164577 .1568215568 .8054297005
.6687961754 .4460004881 .1424558442 .7882802803
.5613841392 .5613841392 .1266274171 .7939170634
.8237602687 0.0000000000 .3322788122 .8654269353
.7641986818 .1568215568 .3160164577 .8054297005
.6935019730 .2942075410 .2942075410 .7712542732
.6130026523 .4155715725 .2683801196 .7591637886
.5237065179 .5237065179 .2400295791 .7661144435
.7161409634 0.0000000000 .4704002352 .8390113275
.6687961754 .1424558442 .4460004881 .7882802803
.6130026523 .2683801196 .4155715725 .7591637886
.5500878033 .3805203531 .3805203531 .7484269842
.4812320162 .4812320162 .3422046874 .7532508367
.5932705991 0.0000000000 .5932705991 .8390113275
.5613841392 .1266274171 .5613841392 .7939170634
.5237065179 .2400295791 .5237065179 .7661144435
.4812320162 .3422046874 .4812320162 .7532508367
.4348895733 .4348895733 .4348895733 .7532508367
8
4 4
0.0000000000 1.0000000000 0.0000000000 1.0000000000
0.0000000000 .9182581518 .1767766953 .9182581518
0.0000000000 .8237602687 .3322788122 .8654269353
0.0000000000 .7161409634 .4704002352 .8390113275
0.0000000000 .5932705991 .5932705991 .8390113275
.1767766953 .9182581518 0.0000000000 .9182581518
.1686275192 .8475961960 .1686275192 .8475961960
.1568215568 .7641986818 .3160164577 .8054297005
.1424558442 .6687961754 .4460004881 .7882802803
.1266274171 .5613841392 .5613841392 .7939170634
.3322788122 .8237602687 0.0000000000 .8654269353
.3160164577 .7641986818 .1568215568 .8054297005
.2942075410 .6935019730 .2942075410 .7712542732
.2683801196 .6130026523 .4155715725 .7591637886
.2400295791 .5237065179 .5237065179 .7661144435
.4704002352 .7161409634 0.0000000000 .8390113275
.4460004881 .6687961754 .1424558442 .7882802803
.4155715725 .6130026523 .2683801196 .7591637886
.3805203531 .5500878033 .3805203531 .7484269842
.3422046874 .4812320162 .4812320162 .7532508367
.5932705991 .5932705991 0.0000000000 .8390113275
.5613841392 .5613841392 .1266274171 .7939170634
.5237065179 .5237065179 .2400295791 .7661144435
.4812320162 .4812320162 .3422046874 .7532508367
.4348895733 .4348895733 .4348895733 .7532508367
8
4 4
0.0000000000 0.0000000000 1.0000000000 1.0000000000
0.0000000000 .1767766953 .9182581518 .9182581518
0.0000000000 .3322788122 .8237602687 .8654269353
0.0000000000 .4704002352 .7161409634 .8390113275
0.0000000000 .5932705991 .5932705991 .8390113275
-.1767766953 0.0000000000 .9182581518 .9182581518
-.1686275192 .1686275192 .8475961960 .8475961960
-.1568215568 .3160164577 .7641986818 .8054297005
-.1424558442 .4460004881 .6687961754 .7882802803
-.1266274171 .5613841392 .5613841392 .7939170634
-.3322788122 0.0000000000 .8237602687 .8654269353
-.3160164576 .1568215568 .7641986818 .8054297005
-.2942075410 .2942075410 .6935019730 .7712542732
-.2683801196 .4155715725 .6130026523 .7591637886
-.2400295791 .5237065179 .5237065179 .7661144435
-.4704002352 0.0000000000 .7161409634 .8390113275
-.4460004881 .1424558442 .6687961754 .7882802803
-.4155715725 .2683801196 .6130026523 .7591637886
-.3805203531 .3805203531 .5500878033 .7484269842
-.3422046874 .4812320162 .4812320162 .7532508367
-.5932705991 0.0000000000 .5932705991 .8390113275
-.5613841392 .1266274171 .5613841392 .7939170634
-.5237065179 .2400295791 .5237065179 .7661144435
-.4812320162 .3422046874 .4812320162 .7532508367
-.4348895733 .4348895733 .4348895733 .7532508367
8
4 4
0.0000000000 1.0000000000 0.0000000000 1.0000000000
-.1767766953 .9182581518 0.0000000000 .9182581518
-.3322788122 .8237602687 0.0000000000 .8654269353
-.4704002352 .7161409634 0.0000000000 .8390113275
-.5932705991 .5932705991 0.0000000000 .8390113275
0.0000000000 .9182581518 .1767766953 .9182581518
-.1686275192 .8475961960 .1686275192 .8475961960
-.3160164576 .7641986818 .1568215568 .8054297005
-.4460004881 .6687961754 .1424558442 .7882802803
-.5613841392 .5613841392 .1266274171 .7939170634
0.0000000000 .8237602687 .3322788122 .8654269353
-.1568215568 .7641986818 .3160164577 .8054297005
-.2942075410 .6935019730 .2942075410 .7712542732
-.4155715725 .6130026523 .2683801196 .7591637886
-.5237065179 .5237065179 .2400295791 .7661144435
0.0000000000 .7161409634 .4704002352 .8390113275
-.1424558442 .6687961754 .4460004881 .7882802803
-.2683801196 .6130026523 .4155715725 .7591637886
-.3805203531 .5500878033 .3805203531 .7484269842
-.4812320162 .4812320162 .3422046874 .7532508367
0.0000000000 .5932705991 .5932705991 .8390113275
-.1266274171 .5613841392 .5613841392 .7939170634
-.2400295791 .5237065179 .5237065179 .7661144435
-.3422046874 .4812320162 .4812320162 .7532508367
-.4348895733 .4348895733 .4348895733 .7532508367
8
4 4
-1.0000000000 0.0000000000 0.0000000000 1.0000000000
-.9182581518 0.0000000000 .1767766953 .9182581518
-.8237602687 0.0000000000 .3322788122 .8654269353
-.7161409634 0.0000000000 .4704002352 .8390113275
-.5932705991 0.0000000000 .5932705991 .8390113275
-.9182581518 .1767766953 0.0000000000 .9182581518
-.8475961960 .1686275192 .1686275192 .8475961960
-.7641986818 .1568215568 .3160164577 .8054297005
-.6687961754 .1424558442 .4460004881 .7882802803
-.5613841392 .1266274171 .5613841392 .7939170634
-.8237602687 .3322788122 0.0000000000 .8654269353
-.7641986818 .3160164577 .1568215568 .8054297005
-.6935019730 .2942075410 .2942075410 .7712542732
-.6130026523 .2683801196 .4155715725 .7591637886
-.5237065179 .2400295791 .5237065179 .7661144435
-.7161409634 .4704002352 0.0000000000 .8390113275
-.6687961754 .4460004881 .1424558442 .7882802803
-.6130026523 .4155715725 .2683801196 .7591637886
-.5500878033 .3805203531 .3805203531 .7484269842
-.4812320162 .3422046874 .4812320162 .7532508367
-.5932705991 .5932705991 0.0000000000 .8390113275
-.5613841392 .5613841392 .1266274171 .7939170634
-.5237065179 .5237065179 .2400295791 .7661144435
-.4812320162 .4812320162 .3422046874 .7532508367
-.4348895733 .4348895733 .4348895733 .7532508367
8
4 4
0.0000000000 0.0000000000 1.0000000000 1.0000000000
-.1767766953 0.0000000000 .9182581518 .9182581518
-.3322788122 0.0000000000 .8237602687 .8654269353
-.4704002352 0.0000000000 .7161409634 .8390113275
-.5932705991 0.0000000000 .5932705991 .8390113275
0.0000000000 -.1767766953 .9182581518 .9182581518
-.1686275192 -.1686275192 .8475961960 .8475961960
-.3160164576 -.1568215568 .7641986818 .8054297005
-.4460004881 -.1424558442 .6687961754 .7882802803
-.5613841392 -.1266274171 .5613841392 .7939170634
0.0000000000 -.3322788122 .8237602687 .8654269353
-.1568215568 -.3160164576 .7641986818 .8054297005
-.2942075410 -.2942075410 .6935019730 .7712542732
-.4155715725 -.2683801196 .6130026523 .7591637886
-.5237065179 -.2400295791 .5237065179 .7661144435
0.0000000000 -.4704002352 .7161409634 .8390113275
-.1424558442 -.4460004881 .6687961754 .7882802803
-.2683801196 -.4155715725 .6130026523 .7591637886
-.3805203531 -.3805203531 .5500878033 .7484269842
-.4812320162 -.3422046874 .4812320162 .7532508367
0.0000000000 -.5932705991 .5932705991 .8390113275
-.1266274171 -.5613841392 .5613841392 .7939170634
-.2400295791 -.5237065179 .5237065179 .7661144435
-.3422046874 -.4812320162 .4812320162 .7532508367
-.4348895733 -.4348895733 .4348895733 .7532508367
8
4 4
-1.0000000000 0.0000000000 0.0000000000 1.0000000000
-.9182581518 -.1767766953 0.0000000000 .9182581518
-.8237602687 -.3322788122 0.0000000000 .8654269353
-.7161409634 -.4704002352 0.0000000000 .8390113275
-.5932705991 -.5932705991 0.0000000000 .8390113275
-.9182581518 0.0000000000 .1767766953 .9182581518
-.8475961960 -.1686275192 .1686275192 .8475961960
-.7641986818 -.3160164576 .1568215568 .8054297005
-.6687961754 -.4460004881 .1424558442 .7882802803
-.5613841392 -.5613841392 .1266274171 .7939170634
-.8237602687 0.0000000000 .3322788122 .8654269353
-.7641986818 -.1568215568 .3160164577 .8054297005
-.6935019730 -.2942075410 .2942075410 .7712542732
-.6130026523 -.4155715725 .2683801196 .7591637886
-.5237065179 -.5237065179 .2400295791 .7661144435
-.7161409634 0.0000000000 .4704002352 .8390113275
-.6687961754 -.1424558442 .4460004881 .7882802803
-.6130026523 -.2683801196 .4155715725 .7591637886
-.5500878033 -.3805203531 .3805203531 .7484269842
-.4812320162 -.4812320162 .3422046874 .7532508367
-.5932705991 0.0000000000 .5932705991 .8390113275
-.5613841392 -.1266274171 .5613841392 .7939170634
-.5237065179 -.2400295791 .5237065179 .7661144435
-.4812320162 -.3422046874 .4812320162 .7532508367
-.4348895733 -.4348895733 .4348895733 .7532508367
8
4 4
0.0000000000 -1.0000000000 0.0000000000 1.0000000000
0.0000000000 -.9182581518 .1767766953 .9182581518
0.0000000000 -.8237602687 .3322788122 .8654269353
0.0000000000 -.7161409634 .4704002352 .8390113275
0.0000000000 -.5932705991 .5932705991 .8390113275
-.1767766953 -.9182581518 0.0000000000 .9182581518
-.1686275192 -.8475961960 .1686275192 .8475961960
-.1568215568 -.7641986818 .3160164577 .8054297005
-.1424558442 -.6687961754 .4460004881 .7882802803
-.1266274171 -.5613841392 .5613841392 .7939170634
-.3322788122 -.8237602687 0.0000000000 .8654269353
-.3160164576 -.7641986818 .1568215568 .8054297005
-.2942075410 -.6935019730 .2942075410 .7712542732
-.2683801196 -.6130026523 .4155715725 .7591637886
-.2400295791 -.5237065179 .5237065179 .7661144435
-.4704002352 -.7161409634 0.0000000000 .8390113275
-.4460004881 -.6687961754 .1424558442 .7882802803
-.4155715725 -.6130026523 .2683801196 .7591637886
-.3805203531 -.5500878033 .3805203531 .7484269842
-.3422046874 -.4812320162 .4812320162 .7532508367
-.5932705991 -.5932705991 0.0000000000 .8390113275
-.5613841392 -.5613841392 .1266274171 .7939170634
-.5237065179 -.5237065179 .2400295791 .7661144435
-.4812320162 -.4812320162 .3422046874 .7532508367
-.4348895733 -.4348895733 .4348895733 .7532508367
8
4 4
0.0000000000 0.0000000000 1.0000000000 1.0000000000
0.0000000000 -.1767766953 .9182581518 .9182581518
0.0000000000 -.3322788122 .8237602687 .8654269353
0.0000000000 -.4704002352 .7161409634 .8390113275
0.0000000000 -.5932705991 .5932705991 .8390113275
.1767766953 0.0000000000 .9182581518 .9182581518
.1686275192 -.1686275192 .8475961960 .8475961960
.1568215568 -.3160164576 .7641986818 .8054297005
.1424558442 -.4460004881 .6687961754 .7882802803
.1266274171 -.5613841392 .5613841392 .7939170634
.3322788122 0.0000000000 .8237602687 .8654269353
.3160164577 -.1568215568 .7641986818 .8054297005
.2942075410 -.2942075410 .6935019730 .7712542732
.2683801196 -.4155715725 .6130026523 .7591637886
.2400295791 -.5237065179 .5237065179 .7661144435
.4704002352 0.0000000000 .7161409634 .8390113275
.4460004881 -.1424558442 .6687961754 .7882802803
.4155715725 -.2683801196 .6130026523 .7591637886
.3805203531 -.3805203531 .5500878033 .7484269842
.3422046874 -.4812320162 .4812320162 .7532508367
.5932705991 0.0000000000 .5932705991 .8390113275
.5613841392 -.1266274171 .5613841392 .7939170634
.5237065179 -.2400295791 .5237065179 .7661144435
.4812320162 -.3422046874 .4812320162 .7532508367
.4348895733 -.4348895733 .4348895733 .7532508367
8
4 4
0.0000000000 -1.0000000000 0.0000000000 1.0000000000
.1767766953 -.9182581518 0.0000000000 .9182581518
.3322788122 -.8237602687 0.0000000000 .8654269353
.4704002352 -.7161409634 0.0000000000 .8390113275
.5932705991 -.5932705991 0.0000000000 .8390113275
0.0000000000 -.9182581518 .1767766953 .9182581518
.1686275192 -.8475961960 .1686275192 .8475961960
.3160164577 -.7641986818 .1568215568 .8054297005
.4460004881 -.6687961754 .1424558442 .7882802803
.5613841392 -.5613841392 .1266274171 .7939170634
0.0000000000 -.8237602687 .3322788122 .8654269353
.1568215568 -.7641986818 .3160164577 .8054297005
.2942075410 -.6935019730 .2942075410 .7712542732
.4155715725 -.6130026523 .2683801196 .7591637886
.5237065179 -.5237065179 .2400295791 .7661144435
0.0000000000 -.7161409634 .4704002352 .8390113275
.1424558442 -.6687961754 .4460004881 .7882802803
.2683801196 -.6130026523 .4155715725 .7591637886
.3805203531 -.5500878033 .3805203531 .7484269842
.4812320162 -.4812320162 .3422046874 .7532508367
0.0000000000 -.5932705991 .5932705991 .8390113275
.1266274171 -.5613841392 .5613841392 .7939170634
.2400295791 -.5237065179 .5237065179 .7661144435
.3422046874 -.4812320162 .4812320162 .7532508367
.4348895733 -.4348895733 .4348895733 .7532508367
8
4 4
1.0000000000 0.0000000000 0.0000000000 1.0000000000
.9182581518 0.0000000000 .1767766953 .9182581518
.8237602687 0.0000000000 .3322788122 .8654269353
.7161409634 0.0000000000 .4704002352 .8390113275
.5932705991 0.0000000000 .5932705991 .8390113275
.9182581518 -.1767766953 0.0000000000 .9182581518
.8475961960 -.1686275192 .1686275192 .8475961960
.7641986818 -.1568215568 .3160164577 .8054297005
.6687961754 -.1424558442 .4460004881 .7882802803
.5613841392 -.1266274171 .5613841392 .7939170634
.8237602687 -.3322788122 0.0000000000 .8654269353
.7641986818 -.3160164576 .1568215568 .8054297005
.6935019730 -.2942075410 .2942075410 .7712542732
.6130026523 -.2683801196 .4155715725 .7591637886
.5237065179 -.2400295791 .5237065179 .7661144435
.7161409634 -.4704002352 0.0000000000 .8390113275
.6687961754 -.4460004881 .1424558442 .7882802803
.6130026523 -.4155715725 .2683801196 .7591637886
.5500878033 -.3805203531 .3805203531 .7484269842
.4812320162 -.3422046874 .4812320162 .7532508367
.5932705991 -.5932705991 0.0000000000 .8390113275
.5613841392 -.5613841392 .1266274171 .7939170634
.5237065179 -.5237065179 .2400295791 .7661144435
.4812320162 -.4812320162 .3422046874 .7532508367
.4348895733 -.4348895733 .4348895733 .7532508367
8
4 4
0.0000000000 0.0000000000 -1.0000000000 1.0000000000
0.0000000000 .1767766953 -.9182581518 .9182581518
0.0000000000 .3322788122 -.8237602687 .8654269353
0.0000000000 .4704002352 -.7161409634 .8390113275
0.0000000000 .5932705991 -.5932705991 .8390113275
.1767766953 0.0000000000 -.9182581518 .9182581518
.1686275192 .1686275192 -.8475961960 .8475961960
.1568215568 .3160164577 -.7641986818 .8054297005
.1424558442 .4460004881 -.6687961754 .7882802803
.1266274171 .5613841392 -.5613841392 .7939170634
.3322788122 0.0000000000 -.8237602687 .8654269353
.3160164577 .1568215568 -.7641986818 .8054297005
.2942075410 .2942075410 -.6935019730 .7712542732
.2683801196 .4155715725 -.6130026523 .7591637886
.2400295791 .5237065179 -.5237065179 .7661144435
.4704002352 0.0000000000 -.7161409634 .8390113275
.4460004881 .1424558442 -.6687961754 .7882802803
.4155715725 .2683801196 -.6130026523 .7591637886
.3805203531 .3805203531 -.5500878033 .7484269842
.3422046874 .4812320162 -.4812320162 .7532508367
.5932705991 0.0000000000 -.5932705991 .8390113275
.5613841392 .1266274171 -.5613841392 .7939170634
.5237065179 .2400295791 -.5237065179 .7661144435
.4812320162 .3422046874 -.4812320162 .7532508367
.4348895733 .4348895733 -.4348895733 .7532508367
8
4 4
0.0000000000 1.0000000000 0.0000000000 1.0000000000
.1767766953 .9182581518 0.0000000000 .9182581518
.3322788122 .8237602687 0.0000000000 .8654269353
.4704002352 .7161409634 0.0000000000 .8390113275
.5932705991 .5932705991 0.0000000000 .8390113275
0.0000000000 .9182581518 -.1767766953 .9182581518
.1686275192 .8475961960 -.1686275192 .8475961960
.3160164577 .7641986818 -.1568215568 .8054297005
.4460004881 .6687961754 -.1424558442 .7882802803
.5613841392 .5613841392 -.1266274171 .7939170634
0.0000000000 .8237602687 -.3322788122 .8654269353
.1568215568 .7641986818 -.3160164576 .8054297005
.2942075410 .6935019730 -.2942075410 .7712542732
.4155715725 .6130026523 -.2683801196 .7591637886
.5237065179 .5237065179 -.2400295791 .7661144435
0.0000000000 .7161409634 -.4704002352 .8390113275
.1424558442 .6687961754 -.4460004881 .7882802803
.2683801196 .6130026523 -.4155715725 .7591637886
.3805203531 .5500878033 -.3805203531 .7484269842
.4812320162 .4812320162 -.3422046874 .7532508367
0.0000000000 .5932705991 -.5932705991 .8390113275
.1266274171 .5613841392 -.5613841392 .7939170634
.2400295791 .5237065179 -.5237065179 .7661144435
.3422046874 .4812320162 -.4812320162 .7532508367
.4348895733 .4348895733 -.4348895733 .7532508367
8
4 4
1.0000000000 0.0000000000 0.0000000000 1.0000000000
.9182581518 0.0000000000 -.1767766953 .9182581518
.8237602687 0.0000000000 -.3322788122 .8654269353
.7161409634 0.0000000000 -.4704002352 .8390113275
.5932705991 0.0000000000 -.5932705991 .8390113275
.9182581518 .1767766953 0.0000000000 .9182581518
.8475961960 .1686275192 -.1686275192 .8475961960
.7641986818 .1568215568 -.3160164576 .8054297005
.6687961754 .1424558442 -.4460004881 .7882802803
.5613841392 .1266274171 -.5613841392 .7939170634
.8237602687 .3322788122 0.0000000000 .8654269353
.7641986818 .3160164577 -.1568215568 .8054297005
.6935019730 .2942075410 -.2942075410 .7712542732
.6130026523 .2683801196 -.4155715725 .7591637886
.5237065179 .2400295791 -.5237065179 .7661144435
.7161409634 .4704002352 0.0000000000 .8390113275
.6687961754 .4460004881 -.1424558442 .7882802803
.6130026523 .4155715725 -.2683801196 .7591637886
.5500878033 .3805203531 -.3805203531 .7484269842
.4812320162 .3422046874 -.4812320162 .7532508367
.5932705991 .5932705991 0.0000000000 .8390113275
.5613841392 .5613841392 -.1266274171 .7939170634
.5237065179 .5237065179 -.2400295791 .7661144435
.4812320162 .4812320162 -.3422046874 .7532508367
.4348895733 .4348895733 -.4348895733 .7532508367
8
4 4
0.0000000000 0.0000000000 -1.0000000000 1.0000000000
-.1767766953 0.0000000000 -.9182581518 .9182581518
-.3322788122 0.0000000000 -.8237602687 .8654269353
-.4704002352 0.0000000000 -.7161409634 .8390113275
-.5932705991 0.0000000000 -.5932705991 .8390113275
0.0000000000 .1767766953 -.9182581518 .9182581518
-.1686275192 .1686275192 -.8475961960 .8475961960
-.3160164576 .1568215568 -.7641986818 .8054297005
-.4460004881 .1424558442 -.6687961754 .7882802803
-.5613841392 .1266274171 -.5613841392 .7939170634
0.0000000000 .3322788122 -.8237602687 .8654269353
-.1568215568 .3160164577 -.7641986818 .8054297005
-.2942075410 .2942075410 -.6935019730 .7712542732
-.4155715725 .2683801196 -.6130026523 .7591637886
-.5237065179 .2400295791 -.5237065179 .7661144435
0.0000000000 .4704002352 -.7161409634 .8390113275
-.1424558442 .4460004881 -.6687961754 .7882802803
-.2683801196 .4155715725 -.6130026523 .7591637886
-.3805203531 .3805203531 -.5500878033 .7484269842
-.4812320162 .3422046874 -.4812320162 .7532508367
0.0000000000 .5932705991 -.5932705991 .8390113275
-.1266274171 .5613841392 -.5613841392 .7939170634
-.2400295791 .5237065179 -.5237065179 .7661144435
-.3422046874 .4812320162 -.4812320162 .7532508367
-.4348895733 .4348895733 -.4348895733 .7532508367
8
4 4
-1.0000000000 0.0000000000 0.0000000000 1.0000000000
-.9182581518 .1767766953 0.0000000000 .9182581518
-.8237602687 .3322788122 0.0000000000 .8654269353
-.7161409634 .4704002352 0.0000000000 .8390113275
-.5932705991 .5932705991 0.0000000000 .8390113275
-.9182581518 0.0000000000 -.1767766953 .9182581518
-.8475961960 .1686275192 -.1686275192 .8475961960
-.7641986818 .3160164577 -.1568215568 .8054297005
-.6687961754 .4460004881 -.1424558442 .7882802803
-.5613841392 .5613841392 -.1266274171 .7939170634
-.8237602687 0.0000000000 -.3322788122 .8654269353
-.7641986818 .1568215568 -.3160164576 .8054297005
-.6935019730 .2942075410 -.2942075410 .7712542732
-.6130026523 .4155715725 -.2683801196 .7591637886
-.5237065179 .5237065179 -.2400295791 .7661144435
-.7161409634 0.0000000000 -.4704002352 .8390113275
-.6687961754 .1424558442 -.4460004881 .7882802803
-.6130026523 .2683801196 -.4155715725 .7591637886
-.5500878033 .3805203531 -.3805203531 .7484269842
-.4812320162 .4812320162 -.3422046874 .7532508367
-.5932705991 0.0000000000 -.5932705991 .8390113275
-.5613841392 .1266274171 -.5613841392 .7939170634
-.5237065179 .2400295791 -.5237065179 .7661144435
-.4812320162 .3422046874 -.4812320162 .7532508367
-.4348895733 .4348895733 -.4348895733 .7532508367
8
4 4
0.0000000000 1.0000000000 0.0000000000 1.0000000000
0.0000000000 .9182581518 -.1767766953 .9182581518
0.0000000000 .8237602687 -.3322788122 .8654269353
0.0000000000 .7161409634 -.4704002352 .8390113275
0.0000000000 .5932705991 -.5932705991 .8390113275
-.1767766953 .9182581518 0.0000000000 .9182581518
-.1686275192 .8475961960 -.1686275192 .8475961960
-.1568215568 .7641986818 -.3160164576 .8054297005
-.1424558442 .6687961754 -.4460004881 .7882802803
-.1266274171 .5613841392 -.5613841392 .7939170634
-.3322788122 .8237602687 0.0000000000 .8654269353
-.3160164576 .7641986818 -.1568215568 .8054297005
-.2942075410 .6935019730 -.2942075410 .7712542732
-.2683801196 .6130026523 -.4155715725 .7591637886
-.2400295791 .5237065179 -.5237065179 .7661144435
-.4704002352 .7161409634 0.0000000000 .8390113275
-.4460004881 .6687961754 -.1424558442 .7882802803
-.4155715725 .6130026523 -.2683801196 .7591637886
-.3805203531 .5500878033 -.3805203531 .7484269842
-.3422046874 .4812320162 -.4812320162 .7532508367
-.5932705991 .5932705991 0.0000000000 .8390113275
-.5613841392 .5613841392 -.1266274171 .7939170634
-.5237065179 .5237065179 -.2400295791 .7661144435
-.4812320162 .4812320162 -.3422046874 .7532508367
-.4348895733 .4348895733 -.4348895733 .7532508367
8
4 4
0.0000000000 0.0000000000 -1.0000000000 1.0000000000
0.0000000000 -.1767766953 -.9182581518 .9182581518
0.0000000000 -.3322788122 -.8237602687 .8654269353
0.0000000000 -.4704002352 -.7161409634 .8390113275
0.0000000000 -.5932705991 -.5932705991 .8390113275
-.1767766953 0.0000000000 -.9182581518 .9182581518
-.1686275192 -.1686275192 -.8475961960 .8475961960
-.1568215568 -.3160164576 -.7641986818 .8054297005
-.1424558442 -.4460004881 -.6687961754 .7882802803
-.1266274171 -.5613841392 -.5613841392 .7939170634
-.3322788122 0.0000000000 -.8237602687 .8654269353
-.3160164576 -.1568215568 -.7641986818 .8054297005
-.2942075410 -.2942075410 -.6935019730 .7712542732
-.2683801196 -.4155715725 -.6130026523 .7591637886
-.2400295791 -.5237065179 -.5237065179 .7661144435
-.4704002352 0.0000000000 -.7161409634 .8390113275
-.4460004881 -.1424558442 -.6687961754 .7882802803
-.4155715725 -.2683801196 -.6130026523 .7591637886
-.3805203531 -.3805203531 -.5500878033 .7484269842
-.3422046874 -.4812320162 -.4812320162 .7532508367
-.5932705991 0.0000000000 -.5932705991 .8390113275
-.5613841392 -.1266274171 -.5613841392 .7939170634
-.5237065179 -.2400295791 -.5237065179 .7661144435
-.4812320162 -.3422046874 -.4812320162 .7532508367
-.4348895733 -.4348895733 -.4348895733 .7532508367
8
4 4
0.0000000000 -1.0000000000 0.0000000000 1.0000000000
-.1767766953 -.9182581518 0.0000000000 .9182581518
-.3322788122 -.8237602687 0.0000000000 .8654269353
-.4704002352 -.7161409634 0.0000000000 .8390113275
-.5932705991 -.5932705991 0.0000000000 .8390113275
0.0000000000 -.9182581518 -.1767766953 .9182581518
-.1686275192 -.8475961960 -.1686275192 .8475961960
-.3160164576 -.7641986818 -.1568215568 .8054297005
-.4460004881 -.6687961754 -.1424558442 .7882802803
-.5613841392 -.5613841392 -.1266274171 .7939170634
0.0000000000 -.8237602687 -.3322788122 .8654269353
-.1568215568 -.7641986818 -.3160164576 .8054297005
-.2942075410 -.6935019730 -.2942075410 .7712542732
-.4155715725 -.6130026523 -.2683801196 .7591637886
-.5237065179 -.5237065179 -.2400295791 .7661144435
0.0000000000 -.7161409634 -.4704002352 .8390113275
-.1424558442 -.6687961754 -.4460004881 .7882802803
-.2683801196 -.6130026523 -.4155715725 .7591637886
-.3805203531 -.5500878033 -.3805203531 .7484269842
-.4812320162 -.4812320162 -.3422046874 .7532508367
0.0000000000 -.5932705991 -.5932705991 .8390113275
-.1266274171 -.5613841392 -.5613841392 .7939170634
-.2400295791 -.5237065179 -.5237065179 .7661144435
-.3422046874 -.4812320162 -.4812320162 .7532508367
-.4348895733 -.4348895733 -.4348895733 .7532508367
8
4 4
-1.0000000000 0.0000000000 0.0000000000 1.0000000000
-.9182581518 0.0000000000 -.1767766953 .9182581518
-.8237602687 0.0000000000 -.3322788122 .8654269353
-.7161409634 0.0000000000 -.4704002352 .8390113275
-.5932705991 0.0000000000 -.5932705991 .8390113275
-.9182581518 -.1767766953 0.0000000000 .9182581518
-.8475961960 -.1686275192 -.1686275192 .8475961960
-.7641986818 -.1568215568 -.3160164576 .8054297005
-.6687961754 -.1424558442 -.4460004881 .7882802803
-.5613841392 -.1266274171 -.5613841392 .7939170634
-.8237602687 -.3322788122 0.0000000000 .8654269353
-.7641986818 -.3160164576 -.1568215568 .8054297005
-.6935019730 -.2942075410 -.2942075410 .7712542732
-.6130026523 -.2683801196 -.4155715725 .7591637886
-.5237065179 -.2400295791 -.5237065179 .7661144435
-.7161409634 -.4704002352 0.0000000000 .8390113275
-.6687961754 -.4460004881 -.1424558442 .7882802803
-.6130026523 -.4155715725 -.2683801196 .7591637886
-.5500878033 -.3805203531 -.3805203531 .7484269842
-.4812320162 -.3422046874 -.4812320162 .7532508367
-.5932705991 -.5932705991 0.0000000000 .8390113275
-.5613841392 -.5613841392 -.1266274171 .7939170634
-.5237065179 -.5237065179 -.2400295791 .7661144435
-.4812320162 -.4812320162 -.3422046874 .7532508367
-.4348895733 -.4348895733 -.4348895733 .7532508367
8
4 4
0.0000000000 0.0000000000 -1.0000000000 1.0000000000
.1767766953 0.0000000000 -.9182581518 .9182581518
.3322788122 0.0000000000 -.8237602687 .8654269353
.4704002352 0.0000000000 -.7161409634 .8390113275
.5932705991 0.0000000000 -.5932705991 .8390113275
0.0000000000 -.1767766953 -.9182581518 .9182581518
.1686275192 -.1686275192 -.8475961960 .8475961960
.3160164577 -.1568215568 -.7641986818 .8054297005
.4460004881 -.1424558442 -.6687961754 .7882802803
.5613841392 -.1266274171 -.5613841392 .7939170634
0.0000000000 -.3322788122 -.8237602687 .8654269353
.1568215568 -.3160164576 -.7641986818 .8054297005
.2942075410 -.2942075410 -.6935019730 .7712542732
.4155715725 -.2683801196 -.6130026523 .7591637886
.5237065179 -.2400295791 -.5237065179 .7661144435
0.0000000000 -.4704002352 -.7161409634 .8390113275
.1424558442 -.4460004881 -.6687961754 .7882802803
.2683801196 -.4155715725 -.6130026523 .7591637886
.3805203531 -.3805203531 -.5500878033 .7484269842
.4812320162 -.3422046874 -.4812320162 .7532508367
0.0000000000 -.5932705991 -.5932705991 .8390113275
.1266274171 -.5613841392 -.5613841392 .7939170634
.2400295791 -.5237065179 -.5237065179 .7661144435
.3422046874 -.4812320162 -.4812320162 .7532508367
.4348895733 -.4348895733 -.4348895733 .7532508367
8
4 4
1.0000000000 0.0000000000 0.0000000000 1.0000000000
.9182581518 -.1767766953 0.0000000000 .9182581518
.8237602687 -.3322788122 0.0000000000 .8654269353
.7161409634 -.4704002352 0.0000000000 .8390113275
.5932705991 -.5932705991 0.0000000000 .8390113275
.9182581518 0.0000000000 -.1767766953 .9182581518
.8475961960 -.1686275192 -.1686275192 .8475961960
.7641986818 -.3160164576 -.1568215568 .8054297005
.6687961754 -.4460004881 -.1424558442 .7882802803
.5613841392 -.5613841392 -.1266274171 .7939170634
.8237602687 0.0000000000 -.3322788122 .8654269353
.7641986818 -.1568215568 -.3160164576 .8054297005
.6935019730 -.2942075410 -.2942075410 .7712542732
.6130026523 -.4155715725 -.2683801196 .7591637886
.5237065179 -.5237065179 -.2400295791 .7661144435
.7161409634 0.0000000000 -.4704002352 .8390113275
.6687961754 -.1424558442 -.4460004881 .7882802803
.6130026523 -.2683801196 -.4155715725 .7591637886
.5500878033 -.3805203531 -.3805203531 .7484269842
.4812320162 -.4812320162 -.3422046874 .7532508367
.5932705991 0.0000000000 -.5932705991 .8390113275
.5613841392 -.1266274171 -.5613841392 .7939170634
.5237065179 -.2400295791 -.5237065179 .7661144435
.4812320162 -.3422046874 -.4812320162 .7532508367
.4348895733 -.4348895733 -.4348895733 .7532508367
8
4 4
0.0000000000 -1.0000000000 0.0000000000 1.0000000000
0.0000000000 -.9182581518 -.1767766953 .9182581518
0.0000000000 -.8237602687 -.3322788122 .8654269353
0.0000000000 -.7161409634 -.4704002352 .8390113275
0.0000000000 -.5932705991 -.5932705991 .8390113275
.1767766953 -.9182581518 0.0000000000 .9182581518
.1686275192 -.8475961960 -.1686275192 .8475961960
.1568215568 -.7641986818 -.3160164576 .8054297005
.1424558442 -.6687961754 -.4460004881 .7882802803
.1266274171 -.5613841392 -.5613841392 .7939170634
.3322788122 -.8237602687 0.0000000000 .8654269353
.3160164577 -.7641986818 -.1568215568 .8054297005
.2942075410 -.6935019730 -.2942075410 .7712542732
.2683801196 -.6130026523 -.4155715725 .7591637886
.2400295791 -.5237065179 -.5237065179 .7661144435
.4704002352 -.7161409634 0.0000000000 .8390113275
.4460004881 -.6687961754 -.1424558442 .7882802803
.4155715725 -.6130026523 -.2683801196 .7591637886
.3805203531 -.5500878033 -.3805203531 .7484269842
.3422046874 -.4812320162 -.4812320162 .7532508367
.5932705991 -.5932705991 0.0000000000 .8390113275
.5613841392 -.5613841392 -.1266274171 .7939170634
.5237065179 -.5237065179 -.2400295791 .7661144435
.4812320162 -.4812320162 -.3422046874 .7532508367
.4348895733 -.4348895733 -.4348895733 .7532508367
